7.057471275329589844e-01
7.091953754425048828e-01
7.321428656578063965e-01
6.872037649154663086e-01
7.098214030265808105e-01
7.428910136222839355e-01
7.433035969734191895e-01
7.402299046516418457e-01
7.563218474388122559e-01
7.275862097740173340e-01
7.333333492279052734e-01
7.287356257438659668e-01
7.436781525611877441e-01
7.120535969734191895e-01
7.471264600753784180e-01
7.540230154991149902e-01
7.390804886817932129e-01
7.344827651977539062e-01
7.555803656578063965e-01
7.523696422576904297e-01
