4.438086413755649717e-01
4.447385988584378613e-01
4.331045652308115335e-01
4.320272871149264948e-01
4.252942289278759391e-01
4.240736922597497238e-01
4.185684803055553793e-01
4.270398941466478915e-01
4.139821081142115444e-01
4.253133111368350150e-01
4.211522011252922804e-01
4.176826193448036073e-01
4.131840966581328822e-01
4.234222212775808902e-01
4.063228463254323630e-01
4.026656019978406831e-01
4.134753216658869079e-01
4.098205653632559509e-01
4.079686322661696951e-01
3.985590266604577270e-01
