7.892530560493469238e-01
7.887449264526367188e-01
7.944613695144653320e-01
7.978912591934204102e-01
8.018292784690856934e-01
7.989075183868408203e-01
8.017022609710693359e-01
7.992886304855346680e-01
8.055132031440734863e-01
8.047510385513305664e-01
8.037347793579101562e-01
8.024193644523620605e-01
8.125000000000000000e-01
8.012295365333557129e-01
8.118648529052734375e-01
8.126270174980163574e-01
8.090977668762207031e-01
8.118648529052734375e-01
8.082735538482666016e-01
8.204385042190551758e-01
