5.550794686394175947e-01
5.485569013946357542e-01
5.228531956672668457e-01
5.550760974251263136e-01
5.446659241403851714e-01
5.187955464796997207e-01
5.222635950360979828e-01
5.228842771601402983e-01
5.028315388608253222e-01
5.263131166326588950e-01
5.282718440582012676e-01
5.264769516457086240e-01
5.133460046231062002e-01
5.295234577996390524e-01
5.089810255615190293e-01
5.127111961101663562e-01
5.067679407952845327e-01
5.138279557228088157e-01
4.968132504395076365e-01
5.033664492916721800e-01
