5.059705376625061035e-01
5.315040946006774902e-01
5.990853905677795410e-01
6.088668704032897949e-01
6.332570910453796387e-01
6.445630192756652832e-01
6.958841681480407715e-01
6.965193152427673340e-01
7.017388939857482910e-01
7.152920365333557129e-01
7.116361856460571289e-01
7.278226017951965332e-01
7.246413826942443848e-01
7.329888939857482910e-01
7.478227615356445312e-01
7.412347793579101562e-01
7.548272609710693359e-01
7.601625919342041016e-01
7.660061120986938477e-01
7.660030126571655273e-01
7.721567749977111816e-01
7.710874080657958984e-01
7.741935253143310547e-01
7.815061211585998535e-01
7.870935201644897461e-01
7.878556847572326660e-01
7.914566397666931152e-01
7.936992049217224121e-01
7.936731576919555664e-01
8.034273982048034668e-01
8.077612519264221191e-01
8.047510385513305664e-01
7.994156479835510254e-01
8.084349632263183594e-01
8.018292784690856934e-01
8.147681355476379395e-01
8.084349632263183594e-01
8.165650367736816406e-01
8.130081295967102051e-01
8.165983557701110840e-01
8.224546313285827637e-01
8.288872241973876953e-01
8.329917788505554199e-01
8.292590975761413574e-01
8.367632031440734863e-01
8.276168704032897949e-01
8.302845358848571777e-01
8.375254273414611816e-01
8.354929089546203613e-01
8.452869057655334473e-01
