6.946354101343852339e-01
6.894652165048490433e-01
6.649941341663764272e-01
6.552202953555719134e-01
6.362273014657865433e-01
6.225630393842371824e-01
5.865334965349212615e-01
5.730980276092281223e-01
5.648235741161531376e-01
5.546060751696102464e-01
5.525365370075877580e-01
5.363406221712788691e-01
5.422420232999519696e-01
5.295569190094547851e-01
5.102586746215820312e-01
5.147910588155917289e-01
5.054907881147493454e-01
4.969904975193302765e-01
4.875450139123249649e-01
4.803301269008267149e-01
4.725654069028916715e-01
4.757025464763486311e-01
4.779801397554336306e-01
4.642921099897290849e-01
4.544981478191003621e-01
4.522049838934487642e-01
4.448210943129755068e-01
4.439424009827094286e-01
4.501520038628187281e-01
4.337524838985935549e-01
4.334469862648698268e-01
4.308897613025293172e-01
4.286243932518532529e-01
4.147651040457128735e-01
4.241570617125286491e-01
4.042813604877841249e-01
4.088893944655007662e-01
4.050142687510668860e-01
4.044709351004623921e-01
3.948665461579307090e-01
3.872698559876411317e-01
3.894178087149209322e-01
3.830407904308350542e-01
3.829883038997650146e-01
3.681881902663688422e-01
3.809651415037915156e-01
3.807603576319004701e-01
3.642821382216321902e-01
3.662649974590394542e-01
3.546012048838568242e-01
