7.218390703201293945e-01
7.218390703201293945e-01
7.377232313156127930e-01
7.049763202667236328e-01
7.287356257438659668e-01
7.533482313156127930e-01
7.183908224105834961e-01
7.333333492279052734e-01
7.264367938041687012e-01
7.053571343421936035e-01
7.183908224105834961e-01
7.298850417137145996e-01
7.241379022598266602e-01
7.274881601333618164e-01
7.154017686843872070e-01
7.379310131072998047e-01
7.275862097740173340e-01
7.333333492279052734e-01
7.137930989265441895e-01
7.265625000000000000e-01
