4.602809667102689684e-01
4.437377530384838953e-01
4.378357805856844531e-01
4.298056233219983979e-01
4.192709132907836422e-01
4.126333696086232350e-01
4.133122030312452733e-01
4.094446912044432119e-01
4.022616324870567084e-01
4.004385587645740152e-01
3.945765553451165975e-01
3.992843128801361607e-01
3.863017068755242311e-01
3.721277427867176191e-01
3.868545328007369499e-01
3.608218157483685240e-01
3.796075147683503070e-01
3.694130417292680324e-01
3.799504439036051617e-01
3.551051232122605650e-01
