7.836636304855346680e-01
7.925558686256408691e-01
8.011941313743591309e-01
8.037347793579101562e-01
8.076727390289306641e-01
8.122459053993225098e-01
8.104674816131591797e-01
8.122459053993225098e-01
8.164380192756652832e-01
8.165650367736816406e-01
8.197408318519592285e-01
8.175812959671020508e-01
8.228326439857482910e-01
8.295223712921142578e-01
8.209528923034667969e-01
8.380796313285827637e-01
8.287653923034667969e-01
8.358739614486694336e-01
8.283790946006774902e-01
8.429939746856689453e-01
