5.329658511041224234e-01
5.301241233431059907e-01
5.316756452832903657e-01
5.429596196136203812e-01
5.299666147122438220e-01
5.164131351879664988e-01
5.532707933721870974e-01
5.256592877979936462e-01
5.298251593249967417e-01
5.434377023151942820e-01
5.143521622679699812e-01
5.234894074242690820e-01
5.321326472293371745e-01
5.170065708352491463e-01
5.344061255455017090e-01
5.214828539168697707e-01
5.341159135445781025e-01
5.135936640459916047e-01
5.493279187158606192e-01
5.217887588909694285e-01
