5.060975551605224609e-01
5.553861856460571289e-01
5.735518336296081543e-01
5.915904641151428223e-01
6.124237775802612305e-01
6.483114957809448242e-01
6.694415807723999023e-01
6.642530560493469238e-01
6.867439746856689453e-01
6.985143423080444336e-01
7.076981663703918457e-01
7.053931355476379395e-01
7.164446711540222168e-01
7.126524448394775391e-01
7.193800210952758789e-01
7.213114500045776367e-01
7.319613695144653320e-01
7.338709831237792969e-01
7.316854596138000488e-01
7.268800735473632812e-01
