6.885879524355011938e-01
6.675013594511078896e-01
6.485826833461357799e-01
6.260370733292122125e-01
6.171748798067976383e-01
5.901772612478675129e-01
5.725649391732564597e-01
5.488575343194046496e-01
5.531398208160710483e-01
5.341465734853977354e-01
5.325936550094235722e-01
5.276615707600702532e-01
5.237424354399403681e-01
5.088759491114112077e-01
4.928023156111802638e-01
4.934925778967435006e-01
4.911801752036180080e-01
4.723311105082111938e-01
4.835495888217677951e-01
4.744239994248405923e-01
