5.355691313743591309e-01
5.975610017776489258e-01
6.120426654815673828e-01
6.361788511276245117e-01
6.598069071769714355e-01
6.868648529052734375e-01
6.957570910453796387e-01
7.177337408065795898e-01
7.079522609710693359e-01
7.306910753250122070e-01
7.292086482048034668e-01
7.379610538482666016e-01
7.405493855476379395e-01
7.482215166091918945e-01
7.613058686256408691e-01
7.649846076965332031e-01
7.596544623374938965e-01
7.754536271095275879e-01
7.741361856460571289e-01
7.726690769195556641e-01
