8.012017748220180424e-01
6.883869641195468070e-01
6.801655471809511244e-01
6.686779619232425809e-01
6.534206159715729711e-01
6.249778145743954960e-01
6.043319751004703200e-01
6.054344579456297781e-01
5.839932349420362545e-01
5.716989186943554069e-01
5.600680195219148727e-01
5.657741191887086796e-01
5.494379423192290446e-01
5.535216942066099044e-01
5.392287008223994871e-01
5.394836517631030892e-01
5.255055635925230950e-01
5.247494813895994259e-01
5.336319701593430498e-01
5.311192700533362565e-01
