5.332825183868408203e-01
5.923526287078857422e-01
6.247459053993225098e-01
6.577743887901306152e-01
6.660314798355102539e-01
6.763211488723754883e-01
6.925403475761413574e-01
7.029969096183776855e-01
7.128276228904724121e-01
7.209272384643554688e-01
7.165904641151428223e-01
7.234122753143310547e-01
7.358993887901306152e-01
7.356557250022888184e-01
7.470782399177551270e-01
7.461889982223510742e-01
7.427591681480407715e-01
7.563516497611999512e-01
7.649898529052734375e-01
7.605437040328979492e-01
7.691819071769714355e-01
7.757875919342041016e-01
7.723034024238586426e-01
7.759146094322204590e-01
7.719005942344665527e-01
7.854420542716979980e-01
7.924288511276245117e-01
7.880544066429138184e-01
7.927766442298889160e-01
7.928427457809448242e-01
