6.832884821465344816e-01
6.610403860487589212e-01
6.426216722503910184e-01
6.160408461966165872e-01
6.034102808169232723e-01
5.950419524820839134e-01
5.778637364987404546e-01
5.684926646654723248e-01
5.556120747520078007e-01
5.489576449159716542e-01
5.512925793484944048e-01
5.342807750548085322e-01
5.262353960576096057e-01
5.277316729064847056e-01
5.150812176184925706e-01
5.122441334453055051e-01
5.161212857176618041e-01
5.040325488501448126e-01
4.881283219267682494e-01
4.962297513232967749e-01
4.800342675147017957e-01
4.688696405751918150e-01
4.756083892237755739e-01
4.676539742849706860e-01
4.704596869281080784e-01
4.599454625835263655e-01
4.416532661856674702e-01
4.616936296224594116e-01
4.435059056907403874e-01
4.453827032158451660e-01
